[array([[ 7.156, -4.192, 16.913, ...,  6.494, -5.746,  8.5  ],
       [ 7.008,  1.936, 15.034, ...,  6.494,  5.746,  8.5  ],
       [ 7.13 ,  3.962, 16.589, ...,  6.494,  5.746,  8.5  ],
       ...,
       [-4.999, -0.11 ,  8.5  , ..., -4.999, -0.378,  8.5  ],
       [-5.374, -0.11 , 22.797, ..., -4.999, -0.378,  8.5  ],
       [-4.999, -0.378,  8.5  , ..., -5.374, -0.377, 22.811]],
      dtype=float32), array([[ 6.622, -1.25 , 19.689, ...,  6.622,  0.   , 19.689],
       [ 6.622, -1.25 , 19.689, ...,  6.62 , -1.25 , 19.664],
       [ 6.597, -1.208, 19.37 , ...,  6.622,  0.   , 19.689],
       ...,
       [-4.999, -0.11 ,  8.5  , ..., -4.999, -0.378,  8.5  ],
       [-5.374, -0.11 , 22.797, ..., -4.999, -0.378,  8.5  ],
       [-4.999, -0.378,  8.5  , ..., -5.374, -0.377, 22.811]],
      dtype=float32), array([[ 6.882,  1.145, 22.986, ...,  6.877,  1.301, 22.928],
       [ 6.99 ,  1.752, 24.358, ...,  6.877,  1.301, 22.928],
       [ 6.877,  1.301, 22.928, ...,  6.872,  1.454, 22.863],
       ...,
       [-5.724,  1.779, 35.417, ..., -5.704,  1.694, 35.418],
       [-5.729,  1.694, 35.611, ..., -5.709,  1.694, 35.612],
       [-5.724,  1.694, 35.417, ..., -5.709,  1.694, 35.612]],
      dtype=float32), array([[ 5.139, -6.257, 30.866, ..., 11.206, -6.745, 36.614],
       [ 6.595, -6.27 , 28.267, ..., 11.206, -6.745, 36.614],
       [ 6.558, -6.273, 28.453, ..., 11.206, -6.745, 36.614],
       ...,
       [-5.735, -4.04 , 36.614, ..., -5.726, -4.415, 36.245],
       [-5.726, -4.415, 36.245, ..., -5.726, -5.795, 36.245],
       [-5.735, -4.415, 36.614, ..., -5.726, -5.795, 36.245]],
      dtype=float32)]